<?xml version="1.0"?>
<opencv_storage>
<name>P</name>
<img type_id="opencv-sequence">
  <flags>"closed hole curve"</flags>
  <count>38</count>
  <dt>"2i"</dt>
  <rect><x>-872415152</x>
    <y>-858993460</y>
    <width>-858993460</width>
    <height>-872415152</height></rect>
  <color>-858993460</color>
  <data>
    85 66 107 66 108 67 110 67 111 68 112 68 117 73 117 74 118 75 118 79
    119 80 118 81 118 85 117 86 117 87 116 88 116 89 113 92 112 92 111
    93 110 93 109 94 107 94 106 95 95 95 95 114 96 115 98 115 100 117 98
    119 85 119 83 117 85 115 87 115 88 114 88 70 85 70 83 68</data></img>
</opencv_storage>
