<?xml version="1.0"?>
<opencv_storage>
<name>B</name>
<img type_id="opencv-sequence">
  <flags>"closed hole curve"</flags>
  <count>24</count>
  <dt>"2i"</dt>
  <rect><x>-872415166</x>
    <y>-858993460</y>
    <width>-858993460</width>
    <height>-872415166</height></rect>
  <color>-858993460</color>
  <data>
    49 80 50 79 60 79 61 80 62 80 64 82 64 83 65 84 65 87 64 88 64 89 62
    91 63 91 65 93 65 94 66 95 66 97 65 98 65 100 63 102 62 102 61 103
    50 103 49 102</data></img>
</opencv_storage>
