<?xml version="1.0"?>
<opencv_storage>
<name>C</name>
<img type_id="opencv-sequence">
  <flags>"closed hole curve"</flags>
  <count>49</count>
  <dt>"2i"</dt>
  <rect><x>-872415165</x>
    <y>-858993460</y>
    <width>-858993460</width>
    <height>-872415165</height></rect>
  <color>-858993460</color>
  <data>
    90 80 91 79 97 79 101 83 101 85 102 86 102 87 101 88 98 88 97 87 97
    85 96 84 96 83 95 83 94 82 93 82 91 84 91 85 90 86 90 96 91 97 91 98
    93 100 95 100 96 99 96 98 97 97 97 94 98 93 101 93 102 94 102 95 101
    96 101 99 97 103 96 103 95 104 93 104 92 103 90 103 86 99 86 97 85
    96 85 87 86 86 86 84 87 83 87 82 89 80</data></img>
</opencv_storage>
