<?xml version="1.0"?>
<opencv_storage>
<name>Q</name>
<img type_id="opencv-image">
  <width>27</width>
  <height>28</height>
  <origin>top-left</origin>
  <layout>interleaved</layout>
  <dt>u</dt>
  <data>
    0 0 0 0 0 0 0 0 0 0 0 0 0 0 0 0 0 0 0 0 0 0 0 0 0 0 0 0 0 0 0 0 0 0
    0 0 255 255 255 255 255 255 255 255 255 0 0 0 0 0 0 0 0 0 0 0 0 0 0
    0 0 255 255 255 255 255 255 255 255 255 255 255 255 255 0 0 0 0 0 0
    0 0 0 0 0 0 255 255 255 255 255 255 255 255 255 255 255 255 255 255
    255 255 0 0 0 0 0 0 0 0 0 0 255 255 255 255 255 255 255 0 0 0 0 0
    255 255 255 255 255 255 255 0 0 0 0 0 0 0 255 255 255 255 255 255 0
    0 0 0 0 0 0 0 0 255 255 255 255 255 0 0 0 0 0 0 0 255 255 255 255
    255 0 0 0 0 0 0 0 0 0 0 0 255 255 255 255 255 0 0 0 0 0 255 255 255
    255 255 0 0 0 0 0 0 0 0 0 0 0 0 0 255 255 255 255 255 0 0 0 0 255
    255 255 255 0 0 0 0 0 0 0 0 0 0 0 0 0 0 255 255 255 255 255 0 0 0 0
    255 255 255 255 0 0 0 0 0 0 0 0 0 0 0 0 0 0 0 255 255 255 255 0 0 0
    255 255 255 255 255 0 0 0 0 0 0 0 0 0 0 0 0 0 0 0 255 255 255 255
    255 0 0 255 255 255 255 255 0 0 0 0 0 0 0 0 0 0 0 0 0 0 0 255 255
    255 255 255 0 0 255 255 255 255 255 0 0 0 0 0 0 0 0 0 0 0 0 0 0 0
    255 255 255 255 255 0 0 255 255 255 255 0 0 0 0 0 0 0 0 0 0 0 0 0 0
    0 0 255 255 255 255 255 0 0 255 255 255 255 255 0 0 0 0 0 0 0 0 0 0
    0 0 0 0 0 255 255 255 255 255 0 0 255 255 255 255 255 0 0 0 0 0 0 0
    0 0 0 0 0 0 0 0 255 255 255 255 255 0 0 255 255 255 255 255 0 0 0 0
    0 0 0 0 0 0 0 0 0 0 0 255 255 255 255 0 0 0 0 255 255 255 255 0 0 0
    0 0 0 0 0 0 0 0 0 0 0 0 255 255 255 255 0 0 0 0 255 255 255 255 0 0
    0 0 0 0 0 0 0 0 0 0 0 0 255 255 255 255 255 0 0 0 0 255 255 255 255
    255 0 0 0 0 0 0 0 255 255 255 0 0 0 255 255 255 255 0 0 0 0 0 0 255
    255 255 255 255 0 0 0 0 0 255 255 255 255 255 255 255 255 255 255
    255 0 0 0 0 0 0 255 255 255 255 255 255 0 0 0 0 0 0 255 255 255 255
    255 255 255 255 0 0 0 0 0 0 0 0 255 255 255 255 255 255 255 0 0 0 0
    0 255 255 255 255 255 255 0 0 0 0 0 0 0 0 0 0 255 255 255 255 255
    255 255 255 255 255 255 255 255 255 255 255 255 255 0 0 0 0 0 0 0 0
    0 0 0 255 255 255 255 255 255 255 255 255 255 255 255 255 255 255
    255 255 255 0 0 0 0 0 0 0 0 0 0 0 255 255 255 255 255 255 255 255
    255 0 0 255 255 255 255 255 255 0 0 0 0 0 0 0 0 0 0 0 0 0 0 0 0 0 0
    0 0 0 0 0 255 255 255 255 0 0 0 0 0 0 0 0 0 0 0 0 0 0 0 0 0 0 0 0 0
    0 0 0 0 0 0 0</data></img>
</opencv_storage>
