<?xml version="1.0"?>
<opencv_storage>
<name>G</name>
<img type_id="opencv-sequence">
  <flags>"closed hole curve"</flags>
  <count>49</count>
  <dt>"2i"</dt>
  <rect><x>-872415161</x>
    <y>-858993460</y>
    <width>-858993460</width>
    <height>-872415161</height></rect>
  <color>-858993460</color>
  <data>
    54 114 61 114 64 117 64 118 65 119 65 122 64 123 61 123 60 122 60
    119 58 117 57 117 55 119 55 120 54 121 54 131 55 132 55 133 57 135
    59 135 60 134 60 132 61 131 61 129 57 129 56 128 56 127 57 126 64
    126 65 127 65 138 64 139 62 139 61 138 61 137 60 138 59 138 58 139
    56 139 55 138 54 138 50 134 50 132 49 131 49 122 50 121 50 119 51
    118 51 117</data></img>
</opencv_storage>
