<?xml version="1.0"?>
<opencv_storage>
<name>H</name>
<img type_id="opencv-sequence">
  <flags>"closed hole curve"</flags>
  <count>20</count>
  <dt>"2i"</dt>
  <rect><x>-872415160</x>
    <y>-858993460</y>
    <width>-858993460</width>
    <height>-872415160</height></rect>
  <color>-858993460</color>
  <data>
    85 115 86 114 89 114 90 115 90 124 96 124 96 115 97 114 100 114 101
    115 101 137 100 138 97 138 96 137 96 127 90 127 90 137 89 138 86 138
    85 137</data></img>
</opencv_storage>
