<?xml version="1.0"?>
<opencv_storage>
<name>"3"</name>
<img type_id="opencv-sequence">
  <flags>"closed hole curve"</flags>
  <count>50</count>
  <dt>"2i"</dt>
  <rect><x>-872415181</x>
    <y>-858993460</y>
    <width>-858993460</width>
    <height>-872415181</height></rect>
  <color>-858993460</color>
  <data>
    90 9 97 9 100 12 100 13 101 14 101 15 100 16 100 18 98 20 98 21 101
    24 101 28 100 29 100 30 97 33 94 33 93 34 92 33 89 33 86 30 86 29 85
    28 85 27 86 26 88 26 92 30 94 30 96 28 96 24 95 23 94 23 93 22 92 22
    91 21 91 20 92 19 93 19 94 18 95 18 96 17 96 14 94 12 92 12 90 14 90
    15 89 16 86 16 85 15 86 14 86 13</data></img>
</opencv_storage>
