<?xml version="1.0"?>
<opencv_storage>
<name>J</name>
<img type_id="opencv-sequence">
  <flags>"closed hole curve"</flags>
  <count>27</count>
  <dt>"2i"</dt>
  <rect><x>-872415158</x>
    <y>-858993460</y>
    <width>-858993460</width>
    <height>-872415158</height></rect>
  <color>-858993460</color>
  <data>
    168 115 169 114 172 114 173 115 173 132 172 133 172 135 169 138 167
    138 166 139 164 139 163 138 161 138 159 136 159 135 158 134 158 129
    159 128 161 128 162 129 162 132 163 133 163 134 164 134 165 135 166
    135 168 133</data></img>
</opencv_storage>
