<?xml version="1.0"?>
<opencv_storage>
<name>K</name>
<img type_id="opencv-sequence">
  <flags>"closed hole curve"</flags>
  <count>46</count>
  <dt>"2i"</dt>
  <rect><x>-872415157</x>
    <y>-858993460</y>
    <width>-858993460</width>
    <height>-872415157</height></rect>
  <color>-858993460</color>
  <data>
    13 150 14 149 17 149 18 150 18 158 18 157 21 154 21 153 25 149 28
    149 29 150 28 151 28 152 24 156 24 157 23 158 23 160 24 161 24 162
    25 163 25 164 26 165 26 166 27 167 27 168 29 170 29 171 30 172 29
    173 25 173 24 172 24 171 23 170 23 169 22 168 22 167 21 166 21 165
    20 164 20 163 19 163 18 164 18 172 17 173 14 173 13 172</data></img>
</opencv_storage>
