<?xml version="1.0"?>
<opencv_storage>
<name>N</name>
<img type_id="opencv-sequence">
  <flags>"closed hole curve"</flags>
  <count>38</count>
  <dt>"2i"</dt>
  <rect><x>-872415154</x>
    <y>-858993460</y>
    <width>-858993460</width>
    <height>-872415154</height></rect>
  <color>-858993460</color>
  <data>
    121 150 122 149 125 149 127 151 127 152 128 153 128 154 129 155 129
    156 130 157 130 159 131 160 131 161 132 162 132 163 132 150 133 149
    136 149 137 150 137 172 136 173 133 173 131 171 131 170 130 169 130
    168 129 167 129 166 128 165 128 163 127 162 127 161 126 160 126 159
    126 172 125 173 122 173 121 172</data></img>
</opencv_storage>
