<?xml version="1.0"?>
<opencv_storage>
<name>O</name>
<img type_id="opencv-sequence">
  <flags>"closed hole curve"</flags>
  <count>30</count>
  <dt>"2i"</dt>
  <rect><x>-872415153</x>
    <y>-858993460</y>
    <width>-858993460</width>
    <height>-872415153</height></rect>
  <color>-858993460</color>
  <data>
    162 149 168 149 169 150 170 150 172 152 172 153 173 154 173 158 174
    159 174 163 173 164 173 168 172 169 172 170 169 173 167 173 166 174
    164 174 163 173 162 173 161 172 160 172 159 171 159 170 158 169 158
    168 157 167 157 155 158 154 158 153</data></img>
</opencv_storage>
