<?xml version="1.0"?>
<opencv_storage>
<name>"4"</name>
<img type_id="opencv-sequence">
  <flags>"closed hole curve"</flags>
  <count>25</count>
  <dt>"2i"</dt>
  <rect><x>-872415180</x>
    <y>-858993460</y>
    <width>-858993460</width>
    <height>-872415180</height></rect>
  <color>-858993460</color>
  <data>
    132 9 134 9 135 10 135 25 137 25 138 26 138 27 137 28 135 28 135 32
    134 33 132 33 131 32 131 28 121 28 120 27 120 25 122 23 122 22 124
    20 124 19 126 17 126 16 129 13 129 12</data></img>
</opencv_storage>
