<?xml version="1.0"?>
<opencv_storage>
<name>R</name>
<img type_id="opencv-sequence">
  <flags>"closed hole curve"</flags>
  <count>32</count>
  <dt>"2i"</dt>
  <rect><x>-872415150</x>
    <y>-858993460</y>
    <width>-858993460</width>
    <height>-872415150</height></rect>
  <color>-858993460</color>
  <data>
    85 185 86 184 96 184 97 185 98 185 101 188 101 194 97 198 97 199 98
    200 98 201 99 202 99 203 100 204 100 205 102 207 101 208 97 208 96
    207 96 205 95 204 95 203 94 202 94 201 93 200 93 199 92 198 90 198
    90 207 89 208 86 208 85 207</data></img>
</opencv_storage>
