<?xml version="1.0"?>
<opencv_storage>
<name>S</name>
<img type_id="opencv-sequence">
  <flags>"closed hole curve"</flags>
  <count>58</count>
  <dt>"2i"</dt>
  <rect><x>-872415149</x>
    <y>-858993460</y>
    <width>-858993460</width>
    <height>-872415149</height></rect>
  <color>-858993460</color>
  <data>
    125 185 126 184 133 184 135 186 135 187 136 188 136 189 137 190 136
    191 133 191 131 189 131 188 130 188 129 187 128 188 127 188 127 189
    126 190 126 191 128 193 129 193 130 194 131 194 132 195 133 195 137
    199 137 204 136 205 136 206 135 207 134 207 133 208 131 208 130 209
    128 209 127 208 125 208 121 204 121 201 122 200 125 200 126 201 126
    203 128 205 131 205 132 204 132 200 130 198 129 198 128 197 127 197
    126 196 125 196 122 193 122 188 123 187 123 186 124 185</data></img>
</opencv_storage>
