<?xml version="1.0"?>
<opencv_storage>
<name>V</name>
<img type_id="opencv-sequence">
  <flags>"closed hole curve"</flags>
  <count>55</count>
  <dt>"2i"</dt>
  <rect><x>-872415146</x>
    <y>-858993460</y>
    <width>-858993460</width>
    <height>-872415146</height></rect>
  <color>-858993460</color>
  <data>
    12 220 13 219 16 219 17 220 17 221 18 222 18 225 19 226 19 228 20
    229 20 232 21 233 21 236 21 234 22 233 22 230 23 229 23 226 24 225
    24 222 25 221 25 220 26 219 29 219 30 220 30 221 29 222 29 224 28
    225 28 228 27 229 27 231 26 232 26 235 25 236 25 238 24 239 24 242
    22 244 20 244 19 243 19 242 18 241 18 239 17 238 17 235 16 234 16
    232 15 231 15 228 14 227 14 225 13 224 13 222 12 221</data></img>
</opencv_storage>
