<?xml version="1.0"?>
<opencv_storage>
<name>W</name>
<img type_id="opencv-sequence">
  <flags>"closed hole curve"</flags>
  <count>48</count>
  <dt>"2i"</dt>
  <rect><x>-872415145</x>
    <y>-858993460</y>
    <width>-858993460</width>
    <height>-872415145</height></rect>
  <color>-858993460</color>
  <data>
    48 220 49 219 52 219 53 220 53 228 54 228 54 222 55 221 55 220 56
    219 58 219 60 221 60 227 61 228 61 229 61 221 63 219 65 219 66 220
    66 225 65 226 65 233 64 234 64 240 63 241 63 243 62 244 60 244 59
    243 59 241 58 240 58 234 57 233 57 228 57 234 56 235 56 241 55 242
    55 243 54 244 52 244 51 243 51 241 50 240 50 233 49 232 49 225 48
    224</data></img>
</opencv_storage>
