<?xml version="1.0"?>
<opencv_storage>
<name>X</name>
<img type_id="opencv-sequence">
  <flags>"closed hole curve"</flags>
  <count>72</count>
  <dt>"2i"</dt>
  <rect><x>-872415144</x>
    <y>-858993460</y>
    <width>-858993460</width>
    <height>-872415144</height></rect>
  <color>-858993460</color>
  <data>
    85 220 86 219 89 219 91 221 91 222 92 223 92 224 93 225 93 226 94
    225 94 224 95 223 95 221 97 219 100 219 101 220 100 221 100 222 99
    223 99 224 98 225 98 226 97 227 97 228 96 229 96 232 97 233 97 234
    98 235 98 236 99 237 99 238 100 239 100 240 102 242 101 243 97 243
    96 242 96 240 95 239 95 238 94 237 94 236 93 235 93 236 92 237 92
    238 91 239 91 240 90 241 90 242 89 243 85 243 84 242 86 240 86 239
    87 238 87 237 88 236 88 235 89 234 89 233 90 232 90 229 89 228 89
    227 88 226 88 225 87 224 87 223 86 222 86 221</data></img>
</opencv_storage>
