<?xml version="1.0"?>
<opencv_storage>
<name>Y</name>
<img type_id="opencv-sequence">
  <flags>"closed hole curve"</flags>
  <count>46</count>
  <dt>"2i"</dt>
  <rect><x>-872415143</x>
    <y>-858993460</y>
    <width>-858993460</width>
    <height>-872415143</height></rect>
  <color>-858993460</color>
  <data>
    120 220 121 219 124 219 126 221 126 222 127 223 127 224 128 225 128
    226 129 227 129 228 130 227 130 225 131 224 131 223 132 222 132 221
    134 219 137 219 138 220 137 221 137 222 136 223 136 224 135 225 135
    226 134 227 134 228 133 229 133 230 132 231 132 242 131 243 128 243
    127 242 127 232 126 231 126 230 125 229 125 228 124 227 124 226 123
    225 123 224 122 223 122 222</data></img>
</opencv_storage>
