<?xml version="1.0"?>
<opencv_storage>
<name>Z</name>
<img type_id="opencv-sequence">
  <flags>"closed hole curve"</flags>
  <count>43</count>
  <dt>"2i"</dt>
  <rect><x>-872415142</x>
    <y>-858993460</y>
    <width>-858993460</width>
    <height>-872415142</height></rect>
  <color>-858993460</color>
  <data>
    158 220 159 219 172 219 173 220 173 222 172 223 172 224 170 226 170
    227 169 228 169 229 167 231 167 232 166 233 166 234 164 236 164 237
    163 238 163 239 162 240 172 240 173 241 173 242 172 243 158 243 157
    242 157 240 158 239 158 238 160 236 160 235 161 234 161 233 163 231
    163 230 164 229 164 228 166 226 166 225 167 224 167 223 159 223 158
    222</data></img>
</opencv_storage>
