<?xml version="1.0"?>
<opencv_storage>
<name>"5"</name>
<img type_id="opencv-sequence">
  <flags>"closed hole curve"</flags>
  <count>47</count>
  <dt>"2i"</dt>
  <rect><x>-872415179</x>
    <y>-858993460</y>
    <width>-858993460</width>
    <height>-872415179</height></rect>
  <color>-858993460</color>
  <data>
    159 10 160 9 171 9 172 10 172 12 171 13 163 13 163 15 162 16 162 17
    169 17 172 20 172 21 173 22 173 27 172 28 172 30 170 32 169 32 168
    33 167 33 166 34 163 34 162 33 160 33 157 30 157 28 156 27 157 26
    160 26 161 27 161 28 163 30 166 30 168 28 168 22 166 20 163 20 162
    21 161 21 160 22 158 22 157 21 157 20 158 19 158 15 159 14</data></img>
</opencv_storage>
