<?xml version="1.0"?>
<opencv_storage>
<name>"Êý"</name>
<img type_id="opencv-sequence">
  <flags>"closed hole curve"</flags>
  <count>108</count>
  <dt>"2i"</dt>
  <rect><x>-872350262</x>
    <y>-858993460</y>
    <width>-858993460</width>
    <height>-872350262</height></rect>
  <color>-858993460</color>
  <data>
    206 5 207 4 209 6 209 9 210 10 211 9 212 10 213 10 213 8 214 7 214 6
    215 5 217 5 218 6 216 8 216 9 215 10 220 10 221 9 223 11 222 12 220
    12 220 17 219 18 219 20 218 21 218 22 219 23 220 23 221 24 222 24
    223 25 222 26 221 26 220 27 217 24 216 24 215 25 214 25 213 24 215
    22 215 20 214 19 214 16 215 15 216 16 216 18 217 18 217 15 218 14
    218 12 215 12 215 15 214 16 213 15 211 17 210 16 210 15 209 14 209
    15 208 16 209 17 208 18 209 18 210 17 211 17 212 18 212 19 211 20
    211 21 210 22 211 22 214 25 212 27 209 27 208 26 209 25 211 25 210
    24 208 24 207 25 206 25 205 24 206 23 205 22 206 21 208 21 209 20
    207 20 205 22 204 22 203 21 204 20 201 20 200 19 201 18 205 18 205
    17 206 16 206 14 204 16 203 16 202 15 205 12 202 12 201 11 202 10
    206 10</data></img>
</opencv_storage>
