<?xml version="1.0"?>
<opencv_storage>
<name>"Ïó"</name>
<img type_id="opencv-sequence">
  <flags>"closed hole curve"</flags>
  <count>65</count>
  <dt>"2i"</dt>
  <rect><x>-872352817</x>
    <y>-858993460</y>
    <width>-858993460</width>
    <height>-872352817</height></rect>
  <color>-858993460</color>
  <data>
    284 4 286 6 285 7 288 7 289 6 290 6 291 7 291 8 290 9 289 9 288 10
    287 9 283 9 283 10 286 10 287 9 288 10 290 10 291 9 292 9 293 10 293
    14 292 15 287 15 287 17 288 17 290 15 291 15 292 16 290 18 290 19
    289 20 289 25 287 27 285 27 284 26 283 26 282 25 283 24 286 24 287
    23 287 22 286 22 284 24 283 24 282 23 285 20 286 20 286 19 284 21
    283 21 282 20 285 17 284 18 283 18 282 17 284 15 281 15 280 14 280
    12 279 11 281 9 281 8 282 7 282 6</data></img>
</opencv_storage>
