<?xml version="1.0"?>
<opencv_storage>
<name>"ие"</name>
<img type_id="opencv-sequence">
  <flags>"closed hole curve"</flags>
  <count>65</count>
  <dt>"2i"</dt>
  <rect><x>-872372041</x>
    <y>-858993460</y>
    <width>-858993460</width>
    <height>-872372041</height></rect>
  <color>-858993460</color>
  <data>
    405 5 406 4 407 5 408 5 409 6 408 7 408 10 410 10 411 11 410 12 408
    12 408 15 412 15 413 14 415 16 414 17 408 17 406 19 406 20 403 23
    410 23 408 21 409 20 410 20 414 24 414 25 413 26 412 26 411 25 404
    25 403 26 400 26 399 25 399 24 400 23 401 23 401 22 403 20 403 19
    405 17 398 17 398 19 397 20 397 25 396 26 395 26 394 25 394 21 393
    21 392 20 393 19 395 19 396 18 396 16 397 15 397 14 398 13 399 14
    399 15 405 15 405 12 401 12 400 11 401 10 405 10</data></img>
</opencv_storage>
