<?xml version="1.0"?>
<opencv_storage>
<name>"ร่"</name>
<img type_id="opencv-sequence">
  <flags>"closed hole curve"</flags>
  <count>78</count>
  <dt>"2i"</dt>
  <rect><x>-872355645</x>
    <y>-858993460</y>
    <width>-858993460</width>
    <height>-872355645</height></rect>
  <color>-858993460</color>
  <data>
    636 5 637 4 639 6 639 10 640 9 644 9 644 6 645 5 646 5 647 6 646 7
    646 9 648 9 648 6 649 5 651 5 652 6 651 7 651 9 652 8 653 8 654 9
    652 11 651 11 651 12 649 14 648 13 648 11 646 11 646 13 645 14 644
    13 644 11 642 11 641 12 639 12 639 15 640 14 651 14 652 13 654 15
    654 25 652 27 651 26 648 26 646 24 646 20 644 20 644 24 646 24 647
    25 646 26 643 26 642 27 641 26 641 16 640 17 639 17 639 25 637 27
    636 27 635 26 634 26 633 25 634 24 636 24 636 18 634 20 632 18 633
    17 634 17 635 16 636 16 636 12 633 12 632 11 633 10 636 10</data></img>
</opencv_storage>
