<?xml version="1.0"?>
<opencv_storage>
<name>"½ç"</name>
<img type_id="opencv-sequence">
  <flags>"closed hole curve"</flags>
  <count>50</count>
  <dt>"2i"</dt>
  <rect><x>-872355907</x>
    <y>-858993460</y>
    <width>-858993460</width>
    <height>-872355907</height></rect>
  <color>-858993460</color>
  <data>
    108 6 109 5 110 6 121 6 122 5 124 7 123 8 123 14 122 15 121 14 119
    14 121 16 122 16 123 17 126 17 127 18 125 20 124 20 123 19 122 19
    121 18 120 19 120 26 119 27 118 26 118 18 119 17 117 15 117 14 116
    14 114 16 114 17 115 18 114 19 114 22 110 26 109 26 108 25 111 22
    111 21 112 20 112 18 111 19 110 19 109 18 113 14 111 14 110 15 109
    15 108 14</data></img>
</opencv_storage>
