<?xml version="1.0"?>
<opencv_storage>
<name>"Ȗ"</name>
<img type_id="opencv-sequence">
  <flags>"closed hole curve"</flags>
  <count>93</count>
  <dt>"2i"</dt>
  <rect><x>-872353349</x>
    <y>-858993460</y>
    <width>-858993460</width>
    <height>-872353349</height></rect>
  <color>-858993460</color>
  <data>
    159 6 160 5 162 5 163 6 162 7 162 8 165 8 165 6 166 5 168 5 169 6
    168 7 168 8 170 8 171 7 173 7 175 9 174 10 173 10 172 9 171 10 168
    10 167 11 166 11 165 10 162 10 161 11 162 12 162 13 161 14 160 14
    160 16 165 16 165 12 166 11 167 11 168 12 168 16 170 16 170 15 169
    14 169 13 170 12 172 14 172 15 173 15 174 16 173 17 172 17 171 18
    169 18 169 19 168 20 167 20 167 22 164 25 163 24 163 23 164 22 164
    21 165 20 165 18 161 18 161 24 158 27 157 27 156 26 155 26 154 25
    155 24 158 24 158 23 159 22 159 20 157 20 156 19 158 17 158 16 157
    16 156 17 155 17 154 16 156 14 155 13 156 12 157 12 158 13 159 12
    159 10 153 10 152 9 153 8 159 8</data></img>
</opencv_storage>
