<?xml version="1.0"?>
<opencv_storage>
<name>"3"</name>
<img type_id="opencv-image">
  <width>19</width>
  <height>27</height>
  <origin>top-left</origin>
  <layout>interleaved</layout>
  <dt>u</dt>
  <data>
    0 0 0 0 0 0 0 0 0 0 0 0 0 0 0 0 0 0 0 0 0 0 0 0 0 255 255 255 255
    255 255 255 0 0 0 0 0 0 0 0 0 0 255 255 255 255 255 255 255 255 255
    255 0 0 0 0 0 0 0 0 255 255 255 255 255 255 255 255 255 255 255 255
    0 0 0 0 0 0 0 255 255 255 255 255 0 0 0 255 255 255 255 255 0 0 0 0
    0 255 255 255 255 0 0 0 0 0 0 255 255 255 255 255 0 0 0 0 255 255
    255 255 0 0 0 0 0 0 0 255 255 255 255 0 0 0 255 255 255 255 255 0 0
    0 0 0 0 0 255 255 255 255 0 0 0 0 0 0 0 0 0 0 0 0 0 0 0 255 255 255
    255 0 0 0 0 0 0 0 0 0 0 0 0 0 0 255 255 255 255 0 0 0 0 0 0 0 0 0 0
    0 0 0 0 255 255 255 255 255 0 0 0 0 0 0 0 0 0 0 255 255 255 255 255
    255 255 0 0 0 0 0 0 0 0 0 0 0 0 255 255 255 255 255 255 255 255 0 0
    0 0 0 0 0 0 0 0 0 255 255 255 255 255 255 255 255 255 0 0 0 0 0 0 0
    0 0 0 0 0 0 0 0 255 255 255 255 255 0 0 0 0 0 0 0 0 0 0 0 0 0 0 0
    255 255 255 255 255 0 0 0 0 0 0 0 0 0 0 0 0 0 0 0 255 255 255 255 0
    0 0 0 0 0 0 0 0 0 0 0 0 0 0 255 255 255 255 0 0 0 0 0 0 0 0 0 0 0 0
    0 0 0 255 255 255 255 0 0 255 255 255 255 0 0 0 0 0 0 0 0 0 255 255
    255 255 0 0 255 255 255 255 255 0 0 0 0 0 0 0 255 255 255 255 255 0
    0 0 255 255 255 255 0 0 0 0 0 0 0 255 255 255 255 0 0 0 0 255 255
    255 255 255 0 0 0 0 0 255 255 255 255 255 0 0 0 0 0 255 255 255 255
    255 255 255 255 255 255 255 255 255 0 0 0 0 0 0 0 255 255 255 255
    255 255 255 255 255 255 255 0 0 0 0 0 0 0 0 0 0 255 255 255 255 255
    255 255 0 0 0 0 0 0 0 0 0 0 0 0 0 0 0 0 0 0 0 0 0 0 0 0 0</data></img>
</opencv_storage>
