<?xml version="1.0"?>
<opencv_storage>
<name>"ȡ"</name>
<img type_id="opencv-sequence">
  <flags>"closed hole curve"</flags>
  <count>69</count>
  <dt>"2i"</dt>
  <rect><x>-872373816</x>
    <y>-858993460</y>
    <width>-858993460</width>
    <height>-872373816</height></rect>
  <color>-858993460</color>
  <data>
    185 6 186 5 187 5 189 7 188 8 187 8 196 8 197 9 197 10 196 11 196 14
    195 15 195 17 194 18 194 21 195 22 196 22 197 23 198 23 199 24 197
    26 196 26 192 22 189 25 188 24 188 23 190 21 190 17 189 16 189 13
    190 12 191 13 191 15 192 16 192 17 192 16 193 15 193 12 194 11 194
    10 190 10 190 12 189 13 188 12 188 10 187 10 187 18 188 18 189 19
    188 20 187 20 187 25 188 26 187 27 185 27 184 26 184 21 183 21 182
    22 180 22 179 23 178 23 176 21 177 20 179 20 179 8 177 8 176 7 177 6</data></img>
</opencv_storage>
