<?xml version="1.0"?>
<opencv_storage>
<name>"ͼ"</name>
<img type_id="opencv-sequence">
  <flags>"closed hole curve"</flags>
  <count>15</count>
  <dt>"2i"</dt>
  <rect><x>-872366899</x>
    <y>-858993460</y>
    <width>-858993460</width>
    <height>-872366899</height></rect>
  <color>-858993460</color>
  <data>
    250 6 251 5 252 5 253 6 267 6 268 5 269 5 270 6 270 25 268 27 267 26
    253 26 252 27 251 27 250 26</data></img>
</opencv_storage>
