<?xml version="1.0"?>
<opencv_storage>
<name>"сп"</name>
<img type_id="opencv-sequence">
  <flags>"closed hole curve"</flags>
  <count>43</count>
  <dt>"2i"</dt>
  <rect><x>-872361773</x>
    <y>-858993460</y>
    <width>-858993460</width>
    <height>-872361773</height></rect>
  <color>-858993460</color>
  <data>
    305 6 306 5 308 5 309 6 308 7 308 8 315 8 316 7 317 7 319 9 318 10
    307 10 305 12 312 12 313 11 315 13 315 24 314 25 314 26 313 27 312
    27 311 26 310 26 309 25 310 24 312 24 312 22 305 22 305 26 304 27
    303 27 302 26 302 16 298 20 297 20 296 19 303 12 303 11 304 10 297
    10 296 9 297 8 305 8</data></img>
</opencv_storage>
