<?xml version="1.0"?>
<opencv_storage>
<name>"ий"</name>
<img type_id="opencv-sequence">
  <flags>"closed hole curve"</flags>
  <count>50</count>
  <dt>"2i"</dt>
  <rect><x>-872366665</x>
    <y>-858993460</y>
    <width>-858993460</width>
    <height>-872366665</height></rect>
  <color>-858993460</color>
  <data>
    377 6 378 5 379 5 382 8 381 9 387 9 388 8 389 8 391 10 390 11 380 11
    380 13 379 14 385 14 386 13 388 15 387 16 387 18 386 19 386 24 383
    27 382 27 381 26 380 26 379 25 380 24 383 24 383 21 384 20 384 16
    379 16 379 17 378 18 378 19 377 20 377 21 374 24 373 23 373 22 375
    20 375 19 376 18 376 16 377 15 377 11 369 11 368 10 369 9 379 9 379
    8</data></img>
</opencv_storage>
