<?xml version="1.0"?>
<opencv_storage>
<name>"Ты"</name>
<img type_id="opencv-sequence">
  <flags>"closed hole curve"</flags>
  <count>72</count>
  <dt>"2i"</dt>
  <rect><x>-872354878</x>
    <y>-858993460</y>
    <width>-858993460</width>
    <height>-872354878</height></rect>
  <color>-858993460</color>
  <data>
    520 6 521 5 522 6 530 6 531 5 533 7 532 8 532 14 531 15 534 15 535
    16 534 17 534 23 533 24 533 25 531 27 530 27 528 25 529 24 531 24
    531 20 532 19 532 17 523 17 522 16 523 15 523 9 524 8 525 8 527 10
    526 11 526 13 525 14 525 15 529 15 529 10 530 9 530 8 518 8 518 10
    517 11 517 13 518 13 519 12 520 12 521 13 521 19 529 19 530 18 531
    19 531 20 530 21 521 21 521 23 520 24 519 24 518 23 517 23 517 24
    515 26 514 25 514 17 513 16 513 15 514 14 514 13 515 12 515 9 516 8
    513 8 512 7 513 6</data></img>
</opencv_storage>
