<?xml version="1.0"?>
<opencv_storage>
<name>"Па"</name>
<img type_id="opencv-sequence">
  <flags>"closed hole curve"</flags>
  <count>54</count>
  <dt>"2i"</dt>
  <rect><x>-872357681</x>
    <y>-858993460</y>
    <width>-858993460</width>
    <height>-872357681</height></rect>
  <color>-858993460</color>
  <data>
    541 6 542 5 543 5 544 6 544 11 545 10 547 10 547 7 548 6 549 7 555 7
    556 6 558 8 557 9 557 24 558 25 556 27 555 26 555 25 550 25 550 26
    549 27 548 27 547 26 547 13 546 12 545 13 544 13 544 14 545 14 547
    16 547 17 546 18 545 18 544 17 544 16 544 26 543 27 542 27 541 26
    541 18 541 19 539 21 538 20 538 19 539 18 539 17 540 16 540 14 541
    13 538 13 537 12 538 11 541 11</data></img>
</opencv_storage>
