<?xml version="1.0"?>
<opencv_storage>
<name>"ɨ"</name>
<img type_id="opencv-sequence">
  <flags>"closed hole curve"</flags>
  <count>54</count>
  <dt>"2i"</dt>
  <rect><x>-872372023</x>
    <y>-858993460</y>
    <width>-858993460</width>
    <height>-872372023</height></rect>
  <color>-858993460</color>
  <data>
    613 6 614 5 615 5 616 6 615 7 615 10 616 9 627 9 628 8 629 8 630 9
    630 25 628 27 627 26 627 25 618 25 617 24 618 23 627 23 627 17 619
    17 618 16 619 15 627 15 627 11 619 11 618 12 615 12 615 14 618 14
    619 15 618 16 616 16 615 17 615 25 613 27 612 26 610 26 609 25 610
    24 613 24 613 18 612 18 611 19 609 19 608 18 610 16 612 16 613 15
    613 12 609 12 608 11 609 10 613 10</data></img>
</opencv_storage>
