<?xml version="1.0"?>
<opencv_storage>
<name>"Ș"</name>
<img type_id="opencv-sequence">
  <flags>"closed hole curve"</flags>
  <count>53</count>
  <dt>"2i"</dt>
  <rect><x>-872353093</x>
    <y>-858993460</y>
    <width>-858993460</width>
    <height>-872353093</height></rect>
  <color>-858993460</color>
  <data>
    740 6 741 5 743 5 744 6 743 7 743 9 747 9 748 10 747 11 743 11 743
    15 744 16 744 18 744 17 745 16 745 14 747 12 748 12 749 13 749 14
    748 15 748 16 747 17 747 18 746 19 746 22 747 22 748 23 748 22 749
    21 750 22 750 23 751 24 751 26 750 27 749 27 748 26 747 26 744 23
    743 23 742 24 741 24 740 23 742 21 742 19 741 18 741 13 740 12 740
    11 730 11 729 10 730 9 740 9</data></img>
</opencv_storage>
