<?xml version="1.0"?>
<opencv_storage>
<name>"´Å"</name>
<img type_id="opencv-sequence">
  <flags>"closed hole curve"</flags>
  <count>124</count>
  <dt>"2i"</dt>
  <rect><x>-872364620</x>
    <y>-858993460</y>
    <width>-858993460</width>
    <height>-872364620</height></rect>
  <color>-858993460</color>
  <data>
    787 6 788 5 790 7 790 9 792 9 792 8 793 7 793 6 794 5 795 5 796 6
    795 7 795 8 794 9 796 9 797 8 799 10 798 11 795 11 796 12 794 14 794
    15 793 16 792 15 792 13 793 12 793 11 789 11 789 13 788 14 788 15
    787 16 787 17 788 17 788 15 790 13 791 13 792 14 791 15 791 16 790
    17 790 18 789 19 789 20 788 21 788 22 787 23 789 23 788 22 788 21
    789 20 791 22 791 23 792 23 793 24 794 23 796 23 797 22 799 24 799
    25 797 27 796 26 796 25 795 25 794 26 790 26 789 25 787 25 786 26
    785 26 784 25 784 24 785 23 785 22 786 21 786 20 787 19 786 19 785
    20 784 19 784 24 783 25 782 24 781 24 781 25 780 26 779 26 778 25
    778 19 777 18 777 17 778 16 778 14 779 13 779 9 777 9 776 8 777 7
    783 7 784 6 786 8 785 9 782 9 782 11 781 12 781 14 782 14 783 13 784
    13 785 14 785 15 784 16 784 17 785 16 785 15 786 14 786 12 787 11
    785 11 784 10 785 9 788 9 788 8 787 7</data></img>
</opencv_storage>
