<?xml version="1.0"?>
<opencv_storage>
<name>"͖"</name>
<img type_id="opencv-sequence">
  <flags>"closed hole curve"</flags>
  <count>73</count>
  <dt>"2i"</dt>
  <rect><x>-872353323</x>
    <y>-858993460</y>
    <width>-858993460</width>
    <height>-872353323</height></rect>
  <color>-858993460</color>
  <data>
    828 6 829 5 830 5 831 6 830 7 830 10 831 10 832 9 833 10 833 7 834 6
    835 6 836 7 842 7 843 8 842 9 836 9 836 10 842 10 843 9 845 11 844
    12 836 12 836 14 843 14 844 13 846 15 845 16 838 16 838 23 839 23
    840 24 837 27 836 26 836 16 836 18 835 19 835 22 834 23 834 24 832
    26 831 25 831 24 832 23 832 21 833 20 833 12 830 12 830 15 831 14
    832 14 833 15 831 17 830 17 830 25 828 27 827 26 826 26 825 25 826
    24 828 24 828 18 827 18 826 19 825 19 824 18 826 16 828 16 828 12
    825 12 824 11 825 10 828 10</data></img>
</opencv_storage>
