<?xml version="1.0"?>
<opencv_storage>
<name>"7"</name>
<img type_id="opencv-sequence">
  <flags>"closed hole curve"</flags>
  <count>43</count>
  <dt>"2i"</dt>
  <rect><x>-872415177</x>
    <y>-858993460</y>
    <width>-858993460</width>
    <height>-872415177</height></rect>
  <color>-858993460</color>
  <data>
    49 45 50 44 65 44 66 45 66 46 65 47 65 48 64 49 64 50 63 51 63 52 62
    53 62 54 61 55 61 56 60 57 60 59 59 60 59 62 58 63 58 65 57 66 57 67
    56 68 54 68 53 67 53 64 54 63 54 61 55 60 55 59 56 58 56 56 57 55 57
    54 58 53 58 52 59 51 59 50 60 49 60 48 50 48 49 47</data></img>
</opencv_storage>
