<?xml version="1.0"?>
<opencv_storage>
<name>"³É"</name>
<img type_id="opencv-sequence">
  <flags>"closed hole curve"</flags>
  <count>84</count>
  <dt>"2i"</dt>
  <rect><x>-872363597</x>
    <y>-858993460</y>
    <width>-858993460</width>
    <height>-872363597</height></rect>
  <color>-858993460</color>
  <data>
    859 6 860 5 862 5 863 6 862 7 862 10 866 10 867 9 869 9 870 10 869
    11 868 11 867 12 863 12 863 17 864 18 864 17 865 16 865 15 866 14
    866 13 867 12 869 14 868 15 868 16 867 17 867 18 866 19 866 20 865
    21 867 23 868 23 869 22 869 21 870 20 871 21 871 23 870 24 871 25
    871 26 870 27 869 27 868 26 867 26 864 23 863 23 860 26 859 26 858
    25 862 21 862 20 861 19 861 17 860 16 860 12 854 12 854 15 857 15
    858 14 860 16 859 17 859 22 856 25 853 22 854 21 855 21 856 22 856
    18 857 17 853 17 853 22 852 23 852 24 850 26 849 25 849 24 850 23
    850 20 851 19 851 10 852 9 853 10 860 10 859 9</data></img>
</opencv_storage>
