<?xml version="1.0"?>
<opencv_storage>
<name>"нч"</name>
<img type_id="opencv-sequence">
  <flags>"closed hole curve"</flags>
  <count>46</count>
  <dt>"2i"</dt>
  <rect><x>-872358194</x>
    <y>-858993460</y>
    <width>-858993460</width>
    <height>-872358194</height></rect>
  <color>-858993460</color>
  <data>
    938 6 939 5 941 7 940 8 933 8 933 9 932 10 932 13 938 13 939 12 941
    12 943 14 942 15 934 15 934 24 940 24 940 21 941 20 942 21 942 23
    943 24 943 25 942 26 933 26 932 25 932 15 932 17 931 18 931 19 930
    20 930 21 926 25 925 25 924 24 928 20 928 18 929 17 929 15 921 15
    920 14 921 13 930 13 930 8 923 8 922 7 923 6</data></img>
</opencv_storage>
