<?xml version="1.0"?>
<opencv_storage>
<name>"สต"</name>
<img type_id="opencv-sequence">
  <flags>"closed hole curve"</flags>
  <count>73</count>
  <dt>"2i"</dt>
  <rect><x>-872368694</x>
    <y>-858993460</y>
    <width>-858993460</width>
    <height>-872368694</height></rect>
  <color>-858993460</color>
  <data>
    60 8 61 9 75 9 76 8 77 8 79 10 78 11 77 11 75 13 74 12 74 11 70 11
    71 12 71 14 70 15 70 18 75 18 76 17 77 17 79 19 79 20 78 21 77 20 69
    20 69 21 71 21 72 22 74 22 77 25 77 26 76 27 75 27 72 24 71 24 70 23
    68 23 66 25 65 25 64 26 63 26 62 27 60 27 59 26 60 25 61 25 62 24 63
    24 64 23 65 23 66 22 66 21 67 20 57 20 56 19 57 18 62 18 61 17 61 16
    62 15 63 15 65 17 64 18 67 18 67 16 68 15 68 11 61 11 61 12 60 13 58
    13 57 12 58 11 58 10</data></img>
</opencv_storage>
