<?xml version="1.0"?>
<opencv_storage>
<name>T</name>
<img type_id="opencv-sequence">
  <flags>"closed hole curve"</flags>
  <count>24</count>
  <dt>"2i"</dt>
  <rect><x>-872415148</x>
    <y>-858993460</y>
    <width>-858993460</width>
    <height>-872415148</height></rect>
  <color>-858993460</color>
  <data>
    716 9 717 8 726 8 727 9 727 12 726 13 725 12 725 11 724 10 723 10
    723 23 724 23 725 24 724 25 719 25 718 24 719 23 720 23 720 10 719
    10 718 11 718 12 717 13 716 12</data></img>
</opencv_storage>
