<?xml version="1.0"?>
<opencv_storage>
<name>"˫"</name>
<img type_id="opencv-sequence">
  <flags>"closed hole curve"</flags>
  <count>51</count>
  <dt>"2i"</dt>
  <rect><x>-872368960</x>
    <y>-858993460</y>
    <width>-858993460</width>
    <height>-872368960</height></rect>
  <color>-858993460</color>
  <data>
    618 36 619 35 620 36 621 36 622 37 621 38 621 40 625 40 627 38 629
    40 628 41 627 41 627 42 628 43 627 44 626 44 624 46 627 46 628 47
    627 48 622 48 621 49 621 57 620 58 619 58 618 57 618 50 618 51 614
    55 613 55 612 54 615 51 615 50 617 48 609 48 608 47 609 46 618 46
    618 42 615 42 617 44 617 45 616 46 615 46 614 45 614 44 612 42 611
    42 610 41 611 40 618 40</data></img>
</opencv_storage>
