<?xml version="1.0"?>
<opencv_storage>
<name>"оо"</name>
<img type_id="opencv-sequence">
  <flags>"closed hole curve"</flags>
  <count>60</count>
  <dt>"2i"</dt>
  <rect><x>-872360234</x>
    <y>-858993460</y>
    <width>-858993460</width>
    <height>-872360234</height></rect>
  <color>-858993460</color>
  <data>
    64 37 65 36 67 38 66 39 63 39 63 42 64 42 65 41 66 42 67 41 71 41 71
    37 72 36 73 36 74 37 73 38 73 41 77 41 78 42 78 49 76 51 75 50 73 50
    73 57 72 58 71 57 71 50 69 50 68 51 67 51 66 50 66 49 65 50 64 49 64
    48 63 47 63 57 62 58 61 57 61 49 60 50 60 51 58 53 57 52 57 51 58 50
    58 49 60 47 60 45 61 44 57 44 56 43 57 42 61 42 61 40 58 40 57 39 58
    38 61 38 62 37</data></img>
</opencv_storage>
