<?xml version="1.0"?>
<opencv_storage>
<name>"Œ“"</name>
<img type_id="opencv-sequence">
  <flags>"closed hole curve"</flags>
  <count>88</count>
  <dt>"2i"</dt>
  <rect><x>-872361266</x>
    <y>-858993460</y>
    <width>-858993460</width>
    <height>-872361266</height></rect>
  <color>-858993460</color>
  <data>
    160 37 161 36 162 36 164 38 163 39 160 39 160 43 164 43 164 37 165
    36 166 36 167 37 167 43 170 43 171 42 173 42 174 43 173 44 172 44
    171 45 167 45 167 49 169 47 169 46 170 45 171 45 172 46 172 47 169
    50 169 51 168 52 170 54 171 54 172 55 172 53 173 52 174 53 174 55
    175 56 175 57 174 58 172 58 171 57 170 57 165 52 165 49 164 48 164
    45 160 45 160 47 163 47 164 48 163 49 161 49 160 50 160 55 161 54
    162 54 163 55 161 57 159 57 158 58 157 57 155 57 154 56 155 55 158
    55 158 50 157 51 156 51 155 52 154 52 152 50 153 49 156 49 157 48
    158 48 158 45 153 45 152 44 153 43 158 43 158 40 155 40 154 39 155
    38 158 38 159 37</data></img>
</opencv_storage>
