<?xml version="1.0"?>
<opencv_storage>
<name>"»À"</name>
<img type_id="opencv-sequence">
  <flags>"closed hole curve"</flags>
  <count>34</count>
  <dt>"2i"</dt>
  <rect><x>-872363064</x>
    <y>-858993460</y>
    <width>-858993460</width>
    <height>-872363064</height></rect>
  <color>-858993460</color>
  <data>
    233 37 234 36 236 36 237 37 237 43 238 44 238 46 239 47 239 48 240
    49 240 50 244 54 245 54 247 56 246 57 243 57 238 52 238 51 237 50
    237 49 236 48 236 45 235 46 235 49 234 50 234 51 228 57 227 57 226
    56 231 51 231 50 232 49 232 46 233 45</data></img>
</opencv_storage>
