<?xml version="1.0"?>
<opencv_storage>
<name>"¿´"</name>
<img type_id="opencv-sequence">
  <flags>"closed hole curve"</flags>
  <count>52</count>
  <dt>"2i"</dt>
  <rect><x>-872368961</x>
    <y>-858993460</y>
    <width>-858993460</width>
    <height>-872368961</height></rect>
  <color>-858993460</color>
  <data>
    310 37 311 36 315 36 316 37 315 38 312 38 311 39 308 39 308 40 313
    40 314 39 316 41 315 42 307 42 307 43 316 43 317 42 319 44 318 45
    306 45 304 47 312 47 313 46 314 46 315 47 315 57 314 58 303 58 302
    57 302 50 300 52 299 52 298 51 302 47 302 46 303 45 297 45 296 44
    297 43 304 43 304 42 299 42 298 41 299 40 305 40 305 39 304 40 299
    40 298 39 299 38 303 38 304 37</data></img>
</opencv_storage>
